LI_CREDIT_0 = [548.49, 541.72, 535.20, 487.23, 490.12, 470.41, 446.18, 452.31, 441.17, 439.75, 432.44];
LI_CREDIT_0_min = [544.66, 532.20, 529.66, 459.14, 468.60, 426.99, 413.91, 416.67, 417.36, 411.52, 419.64];
LI_CREDIT_0_max = [549.45, 549.45, 543.48, 524.38, 536.19, 509.42, 471.25, 467.07, 479.39, 464.25, 438.60];
LI_CREDIT_3 = [548.49, 543.97, 541.31, 541.37, 536.92, 528.11, 504.53, 518.83, 507.60, 482.03, 445.51];
LI_CREDIT_3_min = [544.66, 538.21, 538.50, 538.79, 523.29, 484.50, 440.53, 491.40, 476.64, 460.19, 422.48];
LI_CREDIT_3_max = [549.45, 546.45, 544.66, 544.37, 543.77, 540.54, 541.71, 539.08, 530.22, 522.47, 474.16];
LI_CREDIT_6 = [548.49, 547.71, 543.74, 543.02, 537.14, 538.79, 525.27, 523.12, 494.63, 492.93, 476.56];
LI_CREDIT_6_min = [544.66, 544.66, 539.08, 537.92, 523.83, 537.63, 504.29, 498.26, 469.26, 429.55, 423.55];
LI_CREDIT_6_max = [549.45, 549.45, 549.45, 545.26, 542.01, 539.37, 542.01, 540.25, 539.37, 538.21, 508.13];

LI_QSYS_0 = [548.20, 546.33, 508.00, 496.68, 461.54, 464.70, 420.72, 408.59, 412.51, 371.35, 373.45];
LI_QSYS_0_min = [543.18, 544.66, 490.44, 489.72, 424.99, 405.02, 409.33, 391.24, 399.04, 360.36, 351.86];
LI_QSYS_0_max = [549.45, 549.45, 525.21, 508.65, 497.27, 485.20, 429.18, 431.59, 438.21, 403.06, 400.96];
LI_QSYS_3 = [549.45, 545.09, 544.48, 544.31, 540.72, 506.55, 529.69, 525.06, 519.45, 483.76, 451.17];
LI_QSYS_3_min = [549.45, 543.48, 543.48, 541.71, 538.50, 431.78, 504.80, 511.25, 483.56, 449.44, 419.11];
LI_QSYS_3_max = [549.45, 549.45, 545.55, 547.65, 544.37, 542.59, 538.79, 533.05, 536.77, 505.82, 489.00];
LI_QSYS_6 = [547.90, 547.30, 544.72, 543.60, 543.55, 539.37, 537.22, 516.18, 514.26, 498.08, 472.57];
LI_QSYS_6_min = [541.71, 543.48, 543.48, 539.96, 538.79, 538.21, 527.15, 477.78, 483.09, 480.08, 424.99];
LI_QSYS_6_max = [549.45, 549.45, 546.45, 544.96, 547.05, 540.54, 540.54, 538.50, 537.92, 510.46, 496.52];


NON_LI_0_REG = [549.45, 548.91, 542.79, 541.67, 537.83, 537.20, 492.63, 498.73, 503.69, 486.71, 452.34];
NON_LI_0_REG_min = [549.45, 546.75, 538.79, 538.50, 525.21, 529.38, 480.77, 486.62, 488.04, 459.56, 430.29];
NON_LI_0_REG_max = [549.45, 549.45, 545.55, 545.26, 543.77, 540.25, 507.10, 529.38, 533.90, 501.76, 481.00];
NON_LI_3_REG = [549.45, 546.75, 544.96, 545.14, 539.67, 535.95, 529.51, 532.42, 501.42, 507.43, 496.93];
NON_LI_3_REG_min = [549.45, 545.55, 543.48, 544.37, 538.50, 526.59, 514.93, 514.93, 432.53, 478.47, 473.26];
NON_LI_3_REG_max = [549.45, 549.45, 546.75, 545.85, 541.71, 539.37, 539.37, 539.37, 538.50, 535.33, 526.87];
NON_LI_6_REG = [549.45, 547.83, 544.07, 544.27, 541.08, 539.72, 538.91, 524.20, 537.24, 529.39, 486.95];
NON_LI_6_REG_min = [549.45, 544.96, 542.30, 538.79, 538.79, 538.50, 538.21, 492.37, 535.05, 521.92, 437.64];
NON_LI_6_REG_max = [549.45, 549.45, 546.15, 549.45, 544.37, 540.54, 540.25, 539.08, 540.25, 536.77, 533.33];

LI_CARLONI_0 = [548.79, 546.39, 545.27, 542.08, 518.55, 507.44, 514.06, 492.20, 482.15, 460.71, 440.77];
LI_CARLONI_0_min = [546.15, 544.66, 542.30, 537.63, 462.96, 448.03, 454.75, 455.17, 459.56, 438.79, 409.84];
LI_CARLONI_0_max = [549.45, 549.45, 549.45, 544.96, 539.37, 538.79, 538.21, 522.74, 506.33, 482.86, 457.25];
LI_CARLONI_1 = [548.14, 546.05, 545.02, 538.65, 525.61, 520.12, 511.47, 512.17, 494.33, 474.39, 468.38];
LI_CARLONI_1_min = [542.89, 542.30, 543.48, 526.04, 496.28, 486.62, 489.24, 479.85, 476.64, 465.77, 441.11];
LI_CARLONI_1_max = [549.45, 549.45, 546.15, 545.26, 544.37, 540.25, 527.15, 537.63, 511.51, 484.50, 501.25];
LI_CARLONI_2 = [547.84, 545.50, 546.76, 544.08, 540.02, 534.65, 526.11, 501.81, 503.32, 495.90, 479.96];
LI_CARLONI_2_min = [541.42, 544.37, 543.77, 539.96, 538.79, 519.21, 508.65, 483.09, 471.03, 472.14, 458.72];
LI_CARLONI_2_max = [549.45, 546.15, 549.45, 545.85, 543.18, 540.54, 538.50, 520.29, 535.05, 521.65, 503.78];
